Size
128 rows
128 columns

Walls
row 1
100 107 23 53 51 78 74 8 49 50 29 18 71 73 90 5 80 4 25 10 1 41 103 66 27 69 13 126 38 32 46 116 6 40 21 101 59 20 77 72 104 119 39 52 64 34 88 76 99 97 122 67 61 85 33 17 111 48 14 115 79 89 56 7 31 36 15 120 42 81 91 35 86 57 70 84 117 123 54 65 83 118 55 26 28 94 98 93 63 37 44 43 62 121 24 113 112 96 9 110 11 3 95 2 47 19 12 22 
row 2
24 46 109 115 63 71 29 91 59 79 1 27 42 14 39 3 65 58 66 36 80 49 117 15 119 90 85 43 100 116 37 110 64 86 77 11 31 55 9 94 103 33 67 124 0 56 26 28 98 88 38 51 78 76 84 96 68 54 2 107 53 101 50 17 61 19 70 52 99 120 81 89 8 121 30 22 34 126 87 12 104 60 113 72 6 57 25 13 10 82 21 125 111 69 18 20 
row 3
27 78 21 38 31 19 108 126 
row 4
51 65 114 31 54 22 37 46 69 17 117 85 93 12 112 81 44 91 88 13 72 1 63 124 21 32 96 56 62 78 59 60 105 38 39 71 9 
row 5
21 26 68 83 38 51 85 95 57 103 13 92 63 105 120 47 53 0 19 14 88 118 36 75 44 35 9 12 18 41 62 69 45 37 
row 6
38 75 55 125 93 79 123 39 102 64 19 120 26 100 6 2 40 42 23 13 101 65 78 67 60 70 20 32 14 49 114 37 52 89 28 25 
row 7
117 93 28 61 87 96 9 20 48 113 3 86 108 18 67 111 5 49 21 91 10 8 58 122 43 82 60 59 7 54 39 68 101 14 100 40 97 63 15 26 106 24 23 79 36 99 114 45 41 42 112 73 107 16 78 77 0 27 32 116 31 118 13 72 1 33 75 126 102 88 38 46 110 62 80 90 12 104 11 89 34 44 85 84 6 64 74 53 57 120 52 95 103 71 109 50 2 124 
row 8
6 72 58 77 105 126 89 101 17 20 29 38 5 114 28 33 25 22 1 4 56 116 94 15 19 8 91 45 84 117 55 49 110 60 69 74 104 87 81 32 51 54 112 73 52 18 113 118 14 123 108 79 68 85 98 119 12 34 21 75 13 3 65 70 43 93 37 2 39 62 59 41 42 
row 9
86 7 78 76 120 74 113 52 119 83 40 73 42 112 34 87 28 89 69 12 99 106 91 124 43 70 23 126 6 108 14 24 29 96 84 65 110 55 59 61 60 15 81 114 125 10 80 27 66 21 36 
row 10
44 97 31 91 110 33 89 15 93 43 35 4 92 87 122 58 106 123 53 16 22 90 77 46 88 98 12 65 124 26 70 8 41 55 18 114 13 62 82 38 108 79 117 96 121 47 11 125 29 94 85 99 100 76 3 74 39 84 126 75 
row 11
90 94 86 107 73 39 71 56 65 74 46 64 126 12 100 97 109 19 40 28 117 59 82 87 18 52 119 103 26 102 96 13 54 22 58 42 25 72 98 27 83 101 38 104 23 111 32 81 30 124 51 50 1 121 85 29 3 0 106 61 112 41 35 66 16 43 9 2 116 11 84 4 91 76 89 33 99 31 15 63 80 20 49 34 77 60 68 53 14 5 6 123 8 93 44 114 24 
row 12
95 92 89 13 30 48 22 44 71 61 74 110 124 
row 13
99 53 36 59 125 45 110 103 11 14 86 84 87 58 33 41 107 10 98 22 16 72 42 27 75 23 89 52 6 34 43 81 124 26 116 1 54 3 51 101 88 63 109 120 28 126 113 19 55 29 57 106 122 76 94 112 80 73 91 70 2 65 24 62 92 60 108 8 82 105 69 77 66 21 0 5 111 
row 14
110 103 57 39 28 59 14 125 5 75 113 1 27 92 33 123 101 17 31 124 77 108 26 98 66 102 55 24 44 69 100 90 51 37 15 97 81 41 46 50 40 116 106 64 12 62 67 47 61 87 18 65 32 7 104 13 109 121 86 74 126 43 60 84 91 22 79 30 95 82 56 10 105 9 73 89 122 114 23 72 34 80 19 21 52 115 112 11 6 94 111 
row 15
80 50 58 30 19 94 59 41 9 75 24 120 39 66 21 77 34 46 27 69 61 85 123 118 44 112 83 102 100 8 119 37 99 35 52 51 107 11 91 114 60 12 65 25 45 87 6 67 103 49 53 90 57 93 42 31 1 82 14 40 28 4 122 74 62 92 5 36 68 10 16 86 95 76 
row 16
54 64 99 113 76 31 53 14 123 102 81 50 44 115 17 89 51 82 19 108 56 34 46 109 9 37 67 84 43 25 120 95 112 119 21 72 3 22 97 96 74 78 75 7 5 55 58 33 39 122 2 32 26 125 70 90 105 126 117 116 47 24 101 62 30 48 114 87 86 52 110 42 49 16 0 11 4 107 28 104 13 60 71 79 1 40 57 83 36 23 38 92 6 94 15 80 88 77 103 10 98 45 61 35 59 124 27 18 68 106 41 8 
row 17
11 22 34 57 79 16 54 59 68 66 58 78 50 74 111 117 25 83 80 95 93 56 108 105 26 87 30 42 109 92 107 5 41 110 94 124 39 119 8 98 113 75 99 29 
row 18
21 79 54 72 71 84 82 89 108 81 25 67 102 103 80 4 99 48 26 88 53 37 98 76 66 105 64 9 28 86 8 10 32 125 51 110 116 20 44 38 90 1 47 41 119 39 24 49 35 40 42 93 69 120 6 123 7 74 45 15 63 11 101 3 114 22 5 113 36 94 56 70 65 68 106 91 
row 19
7 3 111 71 112 57 16 89 14 83 122 58 4 13 107 91 99 50 124 17 75 29 109 49 125 114 36 21 90 100 86 82 62 35 46 0 74 120 48 8 77 45 64 110 87 41 12 38 6 69 18 106 113 28 61 19 39 47 102 121 95 27 118 76 65 126 104 97 94 79 10 88 51 31 22 26 9 73 24 84 32 43 81 40 80 105 103 44 11 1 70 55 59 
row 20
75 92 90 37 89 101 6 12 88 71 82 122 33 86 91 40 39 60 66 95 81 7 87 51 35 15 69 76 25 10 55 63 21 29 103 100 113 72 61 70 27 53 47 20 96 65 102 121 48 5 32 106 44 124 17 58 50 98 78 117 107 68 84 
row 21
44 7 61 35 72 27 68 39 17 28 100 122 2 33 29 69 110 54 95 104 73 14 30 10 126 91 93 109 1 92 112 3 62 16 
row 22
78 93 95 76 92 123 2 40 68 10 102 49 52 27 28 110 46 4 0 1 48 13 56 9 84 62 35 67 3 101 74 112 103 17 107 80 96 120 83 53 63 117 25 86 37 87 77 115 66 73 71 75 11 54 51 7 57 
row 23
104 19 97 96 107 63 72 48 88 62 13 10 55 76 125 69 108 50 61 80 116 18 11 32 52 121 9 31 119 53 42 85 1 37 16 20 34 23 5 115 27 106 43 46 71 6 111 112 36 4 91 65 124 123 59 35 15 105 113 74 21 70 7 117 0 86 51 60 84 102 78 45 114 12 98 39 110 95 90 87 99 54 81 66 14 29 79 75 64 68 82 67 89 103 120 30 38 
row 24
36 106 43 50 5 57 60 38 53 66 105 0 115 62 124 70 119 32 28 42 46 41 107 111 33 74 98 37 116 19 25 15 81 72 9 51 52 110 3 29 12 123 73 68 54 16 
row 25
35 25 28 45 83 18 32 4 103 114 6 84 93 44 102 48 123 67 21 94 89 122 81 106 31 8 88 14 75 40 113 92 66 109 77 41 2 69 5 79 105 107 80 85 124 42 9 1 51 0 100 7 
row 26
27 33 50 118 109 2 126 59 31 48 83 3 101 49 125 1 43 16 61 69 12 78 84 92 42 53 95 35 119 106 36 97 0 32 6 79 34 85 94 123 108 100 44 116 81 124 45 88 87 77 10 105 75 67 96 80 26 4 23 21 38 
row 27
116 86 44 93 25 75 49 22 79 3 96 32 66 41 72 91 101 68 98 53 12 119 6 20 74 123 27 5 14 33 83 51 126 39 106 107 17 118 121 92 58 40 105 87 2 24 45 52 61 115 31 94 56 50 0 29 95 85 89 122 99 13 100 64 81 104 65 102 90 63 88 28 108 76 7 55 109 10 111 36 114 73 80 42 124 77 62 8 37 67 38 82 70 9 11 26 110 60 103 18 78 112 30 71 19 57 125 113 1 69 35 15 4 21 23 97 47 16 46 117 120 54 48 
row 28
66 3 126 77 123 71 70 48 69 85 7 16 27 114 23 53 9 94 80 87 64 122 11 20 50 92 101 26 76 29 15 47 72 49 8 86 116 113 89 62 45 24 18 107 108 5 30 98 79 35 38 19 37 112 59 1 78 
row 29
115 51 82 
row 30
110 72 9 4 58 25 50 32 12 21 48 91 13 61 44 55 88 59 126 81 63 120 90 125 78 16 43 95 38 107 118 3 98 112 39 33 83 121 86 119 123 122 84 26 124 10 75 104 23 79 85 102 76 57 17 108 116 22 82 41 0 19 77 87 111 7 106 92 101 114 65 20 5 73 96 60 36 94 105 56 89 40 24 15 70 51 1 71 45 49 35 100 117 52 80 2 103 69 93 31 113 54 
row 31
22 66 44 116 19 4 94 113 54 8 43 79 86 114 42 62 108 68 125 111 122 26 88 121 115 25 123 18 120 100 107 32 71 72 53 124 78 23 98 76 105 3 51 48 41 80 65 110 67 82 29 24 27 34 102 55 40 49 87 91 112 5 74 70 95 21 75 28 1 118 63 92 45 52 36 97 109 10 38 0 126 56 77 85 104 33 9 96 17 119 101 84 46 99 14 15 60 58 103 47 106 6 81 117 2 31 13 7 37 64 83 12 57 69 93 20 89 35 73 11 39 50 61 16 
row 32
89 94 120 10 11 4 99 39 110 27 24 69 53 111 91 49 46 21 75 32 12 6 33 65 0 80 85 
row 33
36 116 91 6 80 92 38 99 67 84 69 34 43 126 21 9 13 76 111 75 82 102 29 71 17 107 88 109 32 16 44 123 33 63 31 19 68 62 58 45 54 53 115 42 118 0 93 2 55 25 20 12 8 28 24 73 37 85 47 83 108 119 46 78 56 11 51 39 22 57 101 120 94 3 5 106 121 122 95 1 48 100 26 10 65 74 103 114 105 87 40 125 50 86 59 
row 34
60 62 70 63 33 85 118 55 77 75 66 42 126 29 13 40 72 105 39 32 48 4 101 68 88 122 37 71 26 6 12 35 31 16 64 28 121 79 123 9 104 15 50 58 49 125 92 27 45 103 108 73 100 113 22 91 86 124 8 61 7 56 74 80 106 5 83 34 46 115 10 18 76 20 78 111 110 98 57 95 
row 35
119 125 121 86 87 89 70 114 34 95 3 20 76 108 115 66 2 106 68 9 98 0 8 99 31 74 122 11 83 25 120 101 88 50 47 44 38 80 48 12 56 45 54 92 41 22 91 26 57 4 37 72 24 105 17 23 13 5 110 21 77 117 124 10 63 107 111 39 69 84 90 46 18 19 
row 36
50 93 32 121 11 115 114 17 54 67 30 100 79 16 77 91 118 6 5 24 19 70 7 69 84 55 15 44 94 28 97 64 23 104 63 95 33 73 13 88 90 43 49 53 12 92 126 66 42 41 0 111 117 8 98 2 103 65 107 101 1 20 59 106 10 124 36 85 14 34 108 26 
row 37
4 118 52 17 71 5 49 24 25 98 60 45 63 80 65 16 104 55 89 29 10 13 12 42 111 79 126 69 58 67 97 81 26 86 31 9 85 94 102 92 36 119 57 117 91 14 105 21 19 88 38 8 51 22 113 96 3 
row 38
59 1 107 26 70 36 121 106 35 34 83 3 25 122 64 119 114 
row 39
46 95 72 35 31 118 106 40 28 13 55 70 105 25 2 42 44 43 94 1 37 29 92 97 104 101 51 107 75 62 18 81 85 125 39 9 117 5 63 41 116 38 88 113 14 71 124 49 57 3 91 27 69 26 16 53 90 32 20 65 84 19 34 93 0 108 80 60 21 109 98 59 110 89 123 48 50 15 8 67 111 126 23 122 61 83 100 64 
row 40
121 103 
row 41
94 69 86 91 34 73 88 65 81 83 30 122 31 70 21 8 114 61 67 119 58 87 111 121 105 14 40 124 20 76 0 85 117 46 97 115 99 27 51 10 36 44 18 113 112 29 118 62 108 56 39 101 48 89 15 47 11 43 41 60 1 54 16 2 116 80 45 125 50 17 72 59 106 63 38 71 25 6 68 90 
row 42
99 82 
row 43
41 94 109 26 78 85 51 90 126 122 11 88 118 12 30 75 50 86 32 9 56 119 37 23 112 46 53 7 113 39 106 42 34 62 48 8 116 67 74 115 1 61 87 28 14 96 20 73 70 17 25 92 93 21 10 44 72 24 76 121 79 
row 44
92 95 32 97 83 115 17 41 47 64 73 63 66 94 1 5 98 86 113 57 122 120 123 87 104 39 27 81 13 91 46 37 
row 45
8 39 7 52 4 105 55 73 76 38 70 87 10 122 18 47 15 58 2 44 41 107 27 56 125 23 28 67 35 82 14 80 13 95 106 45 46 68 54 92 110 86 5 89 49 6 33 115 116 51 37 113 25 81 42 103 11 88 71 69 22 85 65 72 31 98 43 96 
row 46
95 79 53 43 50 87 74 42 62 47 123 91 69 85 118 71 20 0 92 58 41 106 112 24 86 15 125 57 77 113 5 120 99 119 
row 47
39 56 85 68 75 23 105 52 47 50 48 19 37 27 94 43 87 77 1 6 4 78 69 107 89 59 81 40 53 30 10 93 35 92 73 18 17 7 66 70 
row 48
32 117 103 93 13 99 8 34 109 18 101 110 89 58 90 16 61 7 122 31 37 44 76 67 20 19 54 12 80 68 108 26 85 23 33 124 106 78 50 11 
row 49
71 3 13 38 29 80 54 52 68 74 116 75 111 73 97 66 51 102 48 83 43 33 23 4 126 108 56 7 78 2 90 106 79 32 31 10 121 47 100 41 77 22 39 70 42 124 117 6 12 87 37 27 58 120 50 1 40 60 72 53 61 107 24 103 67 86 9 96 85 49 18 94 46 91 110 14 84 109 99 88 8 44 16 76 25 57 69 59 104 119 65 95 112 125 20 55 63 92 5 98 93 26 17 118 45 123 101 
row 50
9 11 3 89 7 21 125 104 97 61 4 45 84 25 67 111 54 77 31 5 79 82 115 47 65 52 87 68 116 30 46 28 59 78 19 55 20 42 34 86 32 98 51 40 12 112 62 26 92 53 0 102 69 103 38 8 113 121 15 91 24 96 88 22 41 108 50 71 57 18 122 105 120 126 33 81 6 90 14 93 99 95 48 13 100 44 1 123 2 49 39 114 56 110 109 83 23 107 106 58 27 
row 51
52 14 0 71 4 23 6 125 118 43 99 94 27 60 104 84 116 1 70 53 73 98 10 56 121 45 109 47 28 90 8 37 25 2 126 7 77 3 87 33 18 89 66 96 54 34 30 62 107 41 67 16 82 101 26 5 83 22 69 92 51 12 42 112 86 88 68 20 36 57 63 55 48 91 80 35 64 111 120 17 50 46 117 74 123 40 108 95 81 44 76 93 103 15 58 19 102 
row 52
89 103 18 46 
row 53
37 102 79 20 107 7 46 59 21 1 81 90 115 38 91 113 69 13 97 86 50 100 19 18 106 92 41 47 98 103 8 62 64 70 121 55 30 123 93 75 105 89 6 68 60 116 126 63 74 61 82 57 4 11 67 35 85 83 5 40 
row 54
65 125 96 95 121 118 20 19 48 100 40 25 102 109 124 86 30 34 32 55 115 46 119 35 101 70 45 112 16 88 49 21 6 0 104 114 94 57 59 90 17 62 33 56 37 123 24 64 69 11 61 58 91 78 93 38 82 36 84 63 53 9 66 44 42 52 4 73 50 13 83 22 60 113 71 39 51 117 99 8 23 12 2 79 107 7 75 54 26 81 14 108 111 85 
row 55
76 15 41 67 4 56 40 101 120 103 75 28 95 35 52 98 122 94 92 107 6 100 87 26 31 74 49 71 84 23 38 109 10 64 1 111 8 27 17 80 89 
row 56
25 68 117 72 32 84 100 78 105 6 124 49 62 74 125 73 14 35 37 69 57 29 63 26 88 87 123 39 75 71 4 94 97 79 17 42 126 113 41 
row 57
93 16 64 33 87 27 59 49 101 46 89 23 113 3 22 115 47 76 91 15 52 124 96 78 13 88 95 86 6 41 121 79 90 112 120 32 75 7 20 35 25 36 106 100 37 77 24 122 109 34 119 44 58 14 117 2 10 31 69 81 85 19 11 30 80 92 8 48 53 61 123 57 60 18 9 116 29 65 51 111 17 114 68 28 45 42 126 118 73 
row 58
42 47 34 108 55 8 109 120 54 29 41 3 96 87 36 85 21 92 102 80 44 95 84 23 118 30 22 90 125 72 43 111 119 17 123 117 74 78 110 115 106 33 112 27 37 57 45 101 77 83 0 51 63 116 38 104 69 35 49 16 94 89 5 67 10 86 60 71 76 52 113 4 81 19 25 53 7 2 24 126 75 122 61 100 9 40 26 48 11 91 59 39 114 82 18 56 28 58 121 20 65 98 79 62 31 
row 59
120 15 27 88 67 59 33 105 81 115 69 79 111 46 66 35 123 70 104 12 84 93 106 39 119 60 7 41 2 19 83 36 87 25 38 74 100 77 118 91 6 58 73 109 24 31 23 42 10 21 110 22 102 71 116 17 48 20 80 44 78 8 26 18 94 
row 60
24 37 75 10 40 119 89 47 70 45 126 77 34 90 69 17 56 97 52 95 57 111 121 103 67 55 60 80 62 107 31 84 96 74 65 66 4 8 23 39 19 20 6 113 38 61 117 76 44 86 15 71 42 99 36 3 124 73 109 81 53 112 58 11 48 18 51 5 43 115 118 35 93 27 32 100 91 82 110 41 
row 61
91 118 37 125 33 95 41 81 54 29 107 30 2 38 28 68 103 13 19 23 80 79 66 16 12 27 65 121 112 52 45 77 100 88 98 123 84 105 36 25 75 44 108 58 57 69 4 43 11 85 
row 62
65 13 14 77 26 29 60 85 68 66 106 38 17 62 84 35 50 122 28 47 46 94 39 87 91 8 31 88 75 105 
row 63
62 28 42 94 48 21 7 64 108 95 90 117 45 19 109 115 20 110 18 2 10 72 103 79 5 91 14 38 52 41 86 77 32 36 96 116 120 97 87 31 12 83 124 76 40 125 105 71 84 44 46 80 24 50 61 23 113 123 66 4 65 35 34 118 78 104 75 73 85 49 53 37 70 98 82 58 26 15 68 54 8 30 106 17 39 63 111 100 
row 64
75 56 59 103 88 67 60 69 104 65 97 118 106 82 66 85 32 86 23 96 50 53 73 14 0 58 76 84 8 49 102 98 52 79 126 112 90 119 54 9 21 29 41 18 95 26 105 34 80 24 22 2 107 28 11 109 13 61 123 51 17 89 1 115 35 87 47 72 43 110 27 99 39 19 48 33 116 117 70 62 38 101 93 64 121 4 94 45 3 120 91 92 7 31 108 40 124 71 63 55 5 37 100 16 113 122 74 114 68 15 44 77 78 6 83 42 12 20 30 36 46 57 81 
row 65
45 19 42 92 68 115 30 69 94 50 87 14 73 99 56 15 32 1 13 114 81 63 16 59 49 10 91 80 82 113 125 53 66 107 6 31 26 24 33 90 28 118 65 123 67 21 36 11 40 122 37 111 51 109 41 75 20 126 117 74 119 8 108 29 102 34 116 70 89 83 101 112 64 12 35 72 
row 66
55 78 54 15 79 53 8 85 24 10 29 62 43 5 108 76 28 11 22 121 16 50 124 104 71 83 25 0 101 123 57 18 13 87 86 45 105 48 56 115 93 46 77 92 19 118 34 36 103 26 91 38 73 97 68 81 40 42 23 12 96 51 65 94 66 82 49 126 122 88 70 102 120 111 117 100 109 116 61 17 41 7 3 32 64 74 14 125 37 9 89 106 60 31 119 39 44 84 21 110 1 52 113 90 107 63 114 33 80 112 47 99 75 6 2 
row 67
96 60 9 11 48 78 113 22 25 33 87 31 85 93 126 30 83 71 46 40 91 67 120 37 112 36 99 108 14 104 110 0 26 27 122 109 35 8 94 84 64 106 41 115 125 100 65 121 7 4 81 86 43 52 63 103 66 59 89 28 76 20 68 55 114 119 32 23 12 19 90 101 3 6 1 18 107 97 47 39 17 98 102 10 34 82 38 77 70 123 2 105 74 45 72 88 118 111 13 57 16 75 29 124 51 50 44 5 54 
row 68
74 52 95 107 115 35 24 105 109 57 37 38 102 82 3 69 112 31 104 96 117 7 100 97 30 41 113 45 1 93 44 121 5 86 14 42 103 36 58 23 8 20 75 13 83 25 101 59 125 53 18 85 90 51 4 71 64 110 2 29 79 63 108 119 106 22 124 34 81 68 91 94 118 26 47 54 6 84 111 48 12 17 89 39 116 60 80 21 99 15 123 32 0 56 62 49 46 
row 69
65 109 108 74 114 54 121 123 119 47 81 32 92 56 117 34 62 94 102 68 85 2 31 103 25 46 37 126 51 107 73 112 105 53 19 106 24 93 58 91 14 0 20 80 86 48 6 99 33 122 3 52 98 124 22 42 101 63 18 72 49 71 70 13 44 1 89 60 96 75 76 77 111 23 50 43 113 66 57 125 40 90 16 21 41 116 29 10 110 78 9 45 
row 70
71 102 24 107 86 15 59 2 126 88 79 56 45 99 27 87 12 4 114 121 44 93 84 96 32 50 124 125 38 119 25 92 104 91 49 111 82 19 3 7 83 17 62 94 75 9 10 57 47 63 118 98 30 21 108 95 67 40 97 8 65 74 33 120 72 28 101 29 37 80 42 105 0 11 61 54 1 53 69 55 77 90 85 70 81 31 22 5 48 109 41 89 103 115 106 39 13 113 112 51 68 64 116 123 60 16 52 43 
row 71
76 90 64 37 126 23 53 17 21 114 73 15 39 55 56 51 72 45 118 10 30 6 105 71 29 7 98 122 33 3 112 35 119 61 59 25 8 87 43 104 77 88 34 38 96 78 44 121 103 1 116 50 79 24 110 14 2 109 92 107 124 66 89 75 81 19 31 91 84 101 94 
row 72
43 71 7 6 90 2 81 102 37 67 36 18 105 69 60 35 104 103 54 77 47 22 106 57 1 21 29 
row 73
6 96 93 73 117 27 40 35 103 67 47 75 56 54 32 9 46 83 48 122 33 82 43 84 50 30 116 20 89 61 115 37 12 110 98 119 111 71 123 57 94 76 81 53 95 16 97 2 45 80 23 124 112 77 100 17 36 109 21 
row 74
17 53 23 107 79 78 4 39 6 91 95 45 116 41 109 37 104 80 86 87 74 44 65 9 54 96 110 69 58 55 73 48 126 101 24 81 97 2 1 122 46 88 71 64 30 28 22 42 98 89 83 8 102 85 51 60 67 63 56 75 119 3 
row 75
10 94 96 33 83 98 1 80 5 104 72 6 12 100 125 29 42 59 121 111 107 21 118 7 43 77 95 9 106 51 115 113 27 93 119 14 70 20 30 38 68 78 108 122 48 87 71 8 17 114 24 54 64 124 11 23 74 0 126 16 99 26 47 120 25 81 44 65 101 84 57 110 40 52 123 45 103 34 109 97 61 58 41 28 55 49 90 79 89 22 73 53 102 75 66 35 56 85 88 2 3 13 117 63 67 
row 76
55 96 50 80 12 72 42 52 32 118 70 75 125 110 40 30 31 5 67 113 90 41 
row 77
31 14 81 12 113 66 1 21 99 70 65 24 101 96 77 95 13 125 58 53 37 20 93 83 64 48 25 107 103 59 74 32 36 69 98 87 
row 78
3 101 109 36 67 32 91 103 23 19 65 93 86 80 10 69 1 56 78 53 115 37 
row 79
49 2 89 32 120 23 97 30 58 24 106 1 119 85 88 38 55 104 17 27 103 81 107 76 100 21 64 65 62 84 69 45 33 101 51 8 15 54 13 63 20 0 113 
row 80
86 99 87 79 43 8 53 102 27 107 116 60 64 122 126 119 12 92 76 10 33 56 111 23 11 100 75 113 80 117 28 25 5 88 90 44 7 69 51 1 115 14 54 0 31 36 81 59 73 9 71 61 95 58 6 38 17 125 91 82 16 
row 81
61 34 93 23 68 122 21 12 22 107 100 20 75 59 78 95 56 111 55 3 53 114 19 45 5 49 30 97 14 108 83 119 105 115 99 126 117 54 102 25 81 
row 82
88 58 61 0 46 42 108 5 83 107 120 29 55 4 105 77 43 7 104 
row 83
57 87 58 24 122 2 35 62 61 111 47 79 86 90 115 114 101 113 67 14 72 104 23 99 48 22 106 27 76 92 18 36 71 40 32 45 95 78 39 103 55 105 98 8 64 7 126 6 29 63 26 117 25 68 112 44 10 5 85 65 97 19 54 53 0 15 109 69 80 33 46 38 70 59 107 121 51 20 123 42 108 94 100 49 3 125 21 30 81 4 13 1 56 41 110 74 88 83 96 60 116 82 91 31 66 17 52 75 43 37 9 28 50 119 11 120 
row 84
50 105 54 6 23 96 
row 85
56 9 91 101 109 42 94 0 63 31 46 17 28 48 60 21 119 34 16 5 61 29 97 99 18 11 58 37 89 59 88 26 81 122 30 23 36 115 84 64 
row 86
11 34 38 27 106 18 98 97 36 57 112 41 95 82 50 70 122 67 26 79 24 101 48 102 92 110 116 117 21 111 40 19 65 10 23 123 4 68 15 32 46 86 42 76 113 61 22 25 2 73 39 63 77 89 37 56 31 59 13 51 93 105 55 0 69 100 78 121 53 60 119 104 12 126 72 85 9 29 87 81 6 91 118 71 115 83 84 45 62 124 74 88 52 66 8 44 28 125 17 16 114 96 49 109 58 120 90 33 20 75 80 7 47 
row 87
0 85 27 62 8 9 15 113 7 26 43 86 108 105 124 34 40 94 106 35 121 59 64 45 115 5 97 120 88 30 87 23 10 89 56 54 58 52 95 66 92 83 49 122 107 38 81 70 29 21 118 33 114 47 31 36 51 96 98 6 11 53 24 116 17 125 46 101 80 32 123 
row 88
97 24 25 21 55 90 17 79 26 5 11 9 115 102 83 85 121 60 93 15 57 103 13 58 125 47 67 73 88 54 75 104 87 89 107 112 40 81 4 62 118 42 113 12 16 35 31 95 70 36 51 110 23 28 72 124 105 8 96 116 18 126 123 78 108 6 45 106 71 77 94 29 86 38 49 117 7 65 27 46 114 3 20 98 10 59 50 84 
row 89
83 31 61 113 120 26 55 105 80 85 27 92 74 71 40 34 101 53 75 93 90 122 47 43 73 10 107 72 121 124 17 24 44 19 123 8 30 60 64 59 77 98 82 104 91 115 49 111 39 45 22 12 125 35 94 3 106 52 86 15 95 97 36 103 54 96 4 68 23 56 87 14 116 48 33 117 66 5 21 119 9 32 18 108 46 41 65 112 50 99 102 70 11 2 16 38 114 69 1 63 81 57 109 126 29 79 6 42 78 20 118 28 37 25 
row 90
59 55 71 65 87 47 69 116 11 54 19 109 58 22 39 1 96 21 62 76 99 112 61 84 50 102 101 94 2 5 16 12 118 97 14 92 64 51 113 111 18 25 29 119 48 38 42 45 79 105 107 123 56 53 98 31 41 36 26 120 9 85 89 78 43 7 82 4 75 117 35 74 77 23 88 28 110 70 91 24 63 32 86 8 13 0 124 52 57 
row 91
111 65 41 63 9 84 125 40 86 91 23 69 53 10 75 106 118 121 62 38 61 11 19 46 105 114 108 
row 92
36 126 100 81 99 15 69 65 98 27 89 77 80 119 16 39 52 24 68 3 51 124 31 46 23 62 49 104 10 53 45 63 32 73 111 106 71 18 13 48 75 58 47 112 5 105 74 97 103 101 43 34 92 123 102 108 44 41 125 7 38 110 83 109 12 82 88 1 42 59 55 6 60 114 56 33 93 96 30 85 90 0 115 35 37 117 76 87 118 79 78 122 121 116 95 61 9 2 50 25 21 20 84 72 67 4 14 91 107 28 57 120 94 70 19 86 40 22 113 26 66 8 
row 93
56 52 24 21 36 1 41 62 60 101 18 33 78 45 116 119 120 7 80 67 5 46 58 115 40 55 53 92 66 75 89 94 10 39 117 17 124 48 25 99 87 81 65 28 112 97 2 83 32 100 34 27 95 98 0 26 123 93 68 63 54 90 72 71 31 105 125 96 23 110 47 103 118 20 107 73 114 77 
row 94
4 82 10 40 55 95 1 31 15 42 17 90 107 5 93 92 63 7 18 110 81 3 59 41 86 36 57 33 20 74 19 113 25 16 9 23 125 73 115 126 94 56 100 85 35 87 21 112 45 28 34 122 48 11 124 102 52 89 6 71 69 51 119 123 83 0 12 65 118 44 62 99 32 26 108 96 24 77 60 97 68 78 22 120 29 47 8 54 64 88 2 101 79 66 14 61 91 72 58 
row 95
34 3 39 18 88 107 68 32 54 46 20 82 85 115 36 122 43 94 97 55 66 15 118 53 64 119 91 79 25 0 111 83 29 114 4 120 59 71 121 67 40 23 75 70 77 58 98 50 22 13 47 63 112 81 65 7 113 56 44 37 26 61 17 123 78 62 87 
row 96
82 52 28 78 97 72 117 4 126 31 39 12 54 87 118 94 46 104 75 69 85 47 61 67 89 122 88 114 119 6 124 111 98 102 48 112 116 101 58 109 19 64 91 55 86 62 125 95 115 66 53 65 22 36 13 59 83 44 93 21 68 27 37 123 57 81 100 80 16 49 
row 97
123 115 19 114 98 75 1 92 119 74 97 35 107 59 51 79 45 85 22 11 17 95 21 56 54 84 120 124 31 96 109 70 55 83 94 5 15 76 117 116 20 48 118 91 86 66 34 101 58 71 4 81 82 43 106 108 38 25 0 23 33 80 39 46 18 125 78 47 41 49 113 67 93 16 122 3 9 42 61 
row 98
0 123 108 125 54 112 93 107 104 17 119 52 11 8 61 90 46 103 1 74 63 5 117 71 23 36 60 21 16 9 12 29 92 84 4 88 41 14 80 25 49 45 126 97 44 100 35 19 27 105 66 38 13 37 15 22 109 106 101 118 72 87 79 114 6 33 111 99 20 42 96 67 30 62 91 86 56 120 39 50 3 43 2 85 51 78 110 98 58 121 18 113 73 59 32 24 31 81 115 69 
row 99
58 105 87 91 121 29 33 111 59 77 79 61 99 69 44 82 0 70 14 17 18 109 45 50 98 80 13 21 102 8 54 83 6 63 41 108 116 113 104 123 20 75 49 68 10 106 114 94 32 86 92 48 107 25 74 39 42 43 90 101 53 16 51 65 110 76 34 31 78 93 72 36 4 125 62 118 23 126 
row 100
9 71 120 3 16 104 118 54 86 84 61 88 28 5 100 98 26 119 49 18 92 24 58 96 13 81 63 55 52 116 90 43 79 60 95 76 
row 101
62 86 81 120 18 50 13 87 43 14 99 65 40 21 4 9 8 119 123 15 77 121 78 67 73 51 91 7 49 53 0 101 10 98 48 37 111 114 30 126 20 75 27 118 70 59 96 72 74 63 2 34 38 3 116 125 57 88 
row 102
84 45 42 126 67 5 104 98 119 40 99 90 1 63 86 79 23 89 94 76 110 116 97 47 77 122 101 41 33 82 24 72 15 17 111 66 9 107 34 26 28 125 69 108 53 71 64 113 32 78 91 3 52 25 117 37 8 106 115 36 19 49 80 75 120 68 59 13 11 51 44 83 65 
row 103
63 64 73 40 92 100 58 38 82 119 59 76 110 109 31 54 45 9 1 55 22 108 71 7 67 102 2 15 65 80 86 42 19 122 35 81 28 99 5 4 33 117 21 27 53 8 125 107 77 48 94 44 96 123 62 43 116 6 90 101 91 84 16 120 
row 104
51 34 126 105 74 5 35 42 121 119 78 89 11 45 102 47 117 123 108 65 85 9 27 79 93 109 23 13 92 115 31 95 21 32 52 57 97 58 12 73 98 2 81 113 44 14 64 54 87 1 19 69 7 41 4 36 68 63 122 22 82 76 61 100 103 94 77 104 114 59 62 111 99 29 70 3 71 43 84 91 124 88 75 86 53 8 24 55 6 20 
row 105
31 73 66 77 1 88 112 65 105 12 122 108 120 57 97 7 86 6 56 13 43 93 95 
row 106
41 28 115 21 100 105 119 76 30 113 14 29 92 9 69 107 25 91 15 27 
row 107
22 65 10 35 48 8 49 79 25 56 30 86 16 120 95 71 98 14 93 85 97 29 4 46 5 117 28 78 76 114 125 75 26 59 7 21 20 81 38 19 2 18 108 36 68 74 64 122 52 53 
row 108
114 4 30 53 20 48 79 107 105 77 70 116 45 17 68 104 95 60 89 111 62 0 108 80 67 33 9 59 93 26 109 122 90 94 85 98 12 43 82 34 29 113 7 81 55 117 22 65 41 38 86 96 125 49 36 1 47 24 57 69 13 103 123 87 75 3 63 73 15 119 115 74 71 120 58 92 88 102 6 46 5 126 112 51 39 84 32 56 18 124 99 101 97 19 118 100 44 106 110 72 50 31 8 35 52 27 21 
row 109
96 22 102 31 26 106 8 97 49 39 75 94 37 123 65 84 25 16 56 121 10 41 36 55 14 63 109 86 0 46 5 77 124 45 24 98 89 32 48 61 62 72 28 125 92 82 95 15 29 117 88 9 70 7 90 79 44 12 74 42 78 110 85 108 1 40 69 64 20 57 104 68 93 66 13 38 112 87 81 67 118 23 103 17 19 30 52 43 119 83 73 122 35 107 47 116 91 126 54 80 27 50 71 6 100 3 21 53 
row 110
22 88 31 48 118 25 71 14 17 18 58 33 8 91 110 92 65 74 39 117 125 40 41 12 11 34 109 29 21 15 86 106 81 79 19 13 28 3 95 23 124 98 80 111 9 0 94 50 55 32 116 126 96 24 57 101 36 90 64 42 53 72 6 35 52 7 114 122 70 121 100 2 59 120 47 102 73 61 5 67 76 38 78 115 99 104 82 107 97 108 123 10 89 51 103 37 45 87 84 77 119 43 54 68 105 63 85 93 46 27 16 113 44 60 56 112 4 75 20 66 30 62 49 1 69 
row 111
26 47 97 50 125 4 40 13 104 63 81 68 96 41 118 90 80 92 121 65 51 23 109 85 20 89 117 108 10 105 24 2 8 126 84 74 49 54 9 16 52 94 43 111 113 55 32 6 103 
row 112
24 33 64 13 83 109 58 69 126 106 72 8 9 121 45 112 89 42 67 122 96 20 86 68 78 43 74 16 61 84 15 59 117 19 93 119 56 26 21 115 75 114 60 55 102 6 31 125 22 71 32 97 39 88 34 65 92 81 90 110 0 2 124 101 
row 113
26 86 35 112 104 7 54 92 107 58 115 80 5 3 96 117 125 74 73 75 4 15 23 76 69 48 88 93 13 
row 114
101 42 92 81 63 105 126 7 78 94 9 91 104 120 11 43 50 75 46 41 122 70 118 37 14 33 19 121 89 103 88 65 102 61 12 22 51 109 23 116 112 55 26 99 39 31 108 30 58 69 113 25 96 54 125 86 5 18 80 35 44 114 110 10 66 79 40 83 64 17 115 2 73 
row 115
46 63 44 36 59 61 91 40 72 86 117 106 89 3 119 24 13 79 19 22 69 84 94 4 101 77 93 16 0 
row 116
37 104 
row 117
82 48 7 114 4 13 57 27 91 78 43 41 15 21 17 36 100 12 75 121 49 119 115 86 65 74 39 5 90 101 81 92 96 24 73 61 30 32 0 83 104 19 112 125 84 99 37 98 
row 118
57 76 78 86 112 92 18 32 97 101 19 8 3 88 34 54 23 79 81 72 16 69 103 5 73 74 37 25 2 14 83 41 126 119 115 96 28 105 
row 119
2 55 70 111 1 81 9 41 105 0 30 104 80 60 106 93 98 42 20 24 56 74 52 31 6 51 49 119 84 10 3 114 77 36 22 122 121 65 47 11 62 13 85 107 101 15 29 4 14 78 54 126 73 100 120 96 113 94 57 91 63 53 46 58 124 79 87 12 48 115 7 34 89 25 16 17 38 125 66 82 50 97 69 71 32 103 61 39 99 117 8 116 83 64 110 40 27 112 26 45 33 108 88 90 92 
row 120
77 56 35 28 99 85 125 95 94 21 34 106 98 8 101 25 122 90 10 89 17 113 73 80 31 15 14 18 42 70 79 81 9 37 7 93 59 68 120 50 12 33 100 41 48 58 91 60 29 111 83 97 43 54 124 84 66 53 51 71 72 110 76 44 57 61 22 119 32 109 115 13 112 4 39 67 104 103 88 105 92 45 52 38 75 40 82 3 121 114 24 65 5 102 11 64 26 108 46 55 87 74 62 6 19 116 16 0 78 
row 121
50 107 95 109 53 9 97 82 31 62 2 87 5 48 52 10 
row 122
62 41 86 104 93 54 8 3 85 121 58 45 74 60 4 124 88 95 116 120 21 52 79 126 50 125 35 87 117 94 20 5 23 99 24 101 68 110 32 47 112 34 113 25 14 118 18 15 55 67 83 49 43 84 98 22 64 39 1 59 57 92 36 51 10 44 78 114 31 69 103 105 37 73 0 42 89 111 12 6 46 72 9 27 7 82 48 91 65 109 16 122 2 123 75 80 71 56 115 13 108 33 97 38 90 30 100 19 53 66 
row 123
112 97 116 51 67 72 122 119 31 73 94 25 54 82 102 45 55 110 30 125 126 101 10 71 91 75 65 42 41 32 57 124 46 108 120 69 103 59 0 109 3 37 61 117 84 60 26 123 115 87 96 40 13 63 8 14 78 2 6 114 89 106 7 27 76 113 121 98 15 81 90 62 1 107 21 53 23 5 64 48 104 17 79 111 70 19 95 28 118 77 9 68 43 105 39 50 18 
row 124
18 89 47 91 5 126 117 122 66 118 62 30 33 40 36 15 88 64 115 60 90 11 69 75 105 114 123 28 48 13 78 9 22 6 76 84 31 109 111 49 87 121 94 97 32 44 1 23 99 72 107 101 29 63 26 82 54 42 51 71 67 77 10 43 74 59 27 25 58 17 125 52 85 8 110 21 113 83 24 45 108 53 41 61 4 7 112 3 119 80 34 2 35 
row 125
25 84 36 85 2 27 100 104 99 92 10 8 90 76 112 122 18 106 94 82 43 44 50 75 35 4 1 38 67 73 79 108 57 29 95 33 121 7 118 117 72 31 80 60 11 63 110 74 46 45 20 16 59 54 64 98 5 69 28 53 37 109 86 62 49 15 119 105 13 9 3 58 107 83 19 123 88 41 26 51 22 124 
row 126
13 78 74 93 81 33 42 73 15 107 104 49 118 110 87 102 116 76 103 46 89 95 41 37 79 3 2 54 47 39 5 7 94 108 10 83 72 91 0 43 77 27 99 85 75 105 17 24 51 82 28 52 29 61 86 84 19 100 65 6 44 106 59 40 20 32 98 14 80 64 123 55 121 11 101 126 31 63 88 119 18 9 8 109 
row 127
32 54 12 38 122 94 120 93 88 10 95 52 51 6 35 30 31 98 86 123 15 53 41 68 114 75 8 58 5 78 19 67 66 63 84 45 117 55 104 71 112 18 1 2 69 91 27 62 36 47 74 42 25 108 43 48 28 26 97 60 89 77 82 121 109 65 73 119 39 106 0 21 13 107 7 44 115 9 110 72 33 83 101 124 4 111 87 16 
column 2
41 79 17 
column 3
70 18 73 59 32 17 93 91 109 122 99 90 76 83 56 88 34 125 101 60 85 52 14 82 27 116 80 92 39 48 55 15 9 117 61 3 78 53 111 126 79 98 36 104 19 50 11 81 7 71 45 28 66 124 47 74 102 86 67 75 112 26 94 29 10 110 43 33 37 114 42 
column 4
119 62 75 42 59 2 40 121 63 14 22 32 21 47 69 79 65 81 76 31 110 53 108 7 98 70 123 24 83 71 20 27 46 13 18 68 19 77 111 49 82 10 95 34 107 43 74 86 122 52 25 6 91 39 96 90 33 114 28 102 116 58 37 88 41 
column 5
100 75 85 10 81 106 2 34 24 56 18 30 111 73 62 110 89 40 45 88 52 19 104 39 126 125 121 115 31 28 13 79 92 105 49 101 117 71 94 32 41 91 72 37 64 29 82 84 6 53 65 97 20 68 5 46 
column 6
111 0 100 32 21 33 51 65 43 45 89 42 117 58 29 38 6 8 41 103 77 70 104 31 13 105 72 60 121 28 123 4 125 96 16 80 71 27 86 47 92 88 54 
column 7
10 29 69 74 122 75 91 79 103 3 95 119 32 73 96 12 82 56 
column 8
124 13 96 3 39 107 32 5 10 105 23 103 7 60 101 112 84 90 125 16 94 119 70 88 77 73 99 117 43 37 55 116 93 25 78 11 22 0 114 69 18 63 28 58 29 85 121 17 118 52 31 87 4 41 24 56 120 97 61 111 92 49 19 76 75 30 98 8 12 110 53 81 91 65 79 122 9 104 48 102 82 
column 9
40 26 113 59 10 77 30 56 45 21 104 58 34 12 120 110 61 111 35 79 74 66 5 96 37 55 47 86 17 68 121 57 95 123 16 75 65 33 19 27 29 46 92 102 2 84 50 112 70 18 71 81 3 53 39 36 49 125 91 20 42 99 124 52 13 4 54 100 82 25 62 28 126 89 23 107 41 7 32 115 114 51 93 9 94 72 43 
column 10
116 120 117 45 102 42 68 4 7 105 31 27 76 112 22 103 59 34 77 66 2 30 46 60 84 126 101 90 26 78 67 63 109 57 17 104 91 118 50 1 81 36 70 96 94 80 93 62 97 5 15 73 25 0 37 87 18 10 111 8 20 88 113 92 28 100 51 56 41 124 85 39 3 107 29 71 14 122 19 115 65 119 13 
column 11
112 49 109 99 60 124 19 33 116 59 84 51 0 42 73 80 38 126 96 15 115 44 2 
column 12
64 2 88 74 117 0 27 111 44 39 122 77 126 28 8 3 63 112 41 5 55 78 31 50 96 86 56 13 12 90 20 54 46 85 95 103 115 23 30 119 102 69 98 67 53 38 109 94 61 58 68 48 62 70 7 52 81 51 73 24 11 116 
column 13
34 109 24 124 8 55 81 60 43 121 27 41 18 7 119 110 52 29 102 23 44 103 74 112 14 38 67 104 85 77 21 17 91 49 75 26 111 63 99 79 97 94 98 117 58 114 13 107 30 68 4 93 25 5 39 46 101 3 108 70 0 80 126 28 95 87 96 40 123 106 105 47 118 90 83 62 1 53 88 15 20 61 11 37 19 9 116 2 84 42 72 45 76 89 16 69 71 
column 14
76 4 0 35 62 120 32 59 124 28 85 88 72 97 102 111 2 10 67 15 122 29 27 68 50 80 107 47 83 101 22 18 91 106 51 56 8 110 11 36 86 98 82 63 55 90 117 41 33 125 84 116 113 126 1 44 81 65 54 45 
column 15
62 9 74 89 67 123 120 38 25 31 63 72 77 88 83 99 29 103 46 96 110 45 20 115 117 102 10 57 5 93 76 21 15 55 69 86 90 125 105 114 54 32 11 40 28 39 41 22 16 122 2 92 106 47 108 58 42 23 111 65 79 52 48 80 95 13 104 18 97 24 64 100 3 68 107 26 6 70 98 51 35 8 109 4 1 78 12 59 116 94 81 121 0 61 73 17 19 112 43 36 50 60 75 
column 16
41 104 12 86 1 102 51 0 66 59 45 97 44 64 56 88 103 53 107 47 43 24 9 58 114 81 82 37 76 
column 17
72 52 69 90 116 82 17 114 42 104 120 70 112 5 34 11 63 60 109 14 118 16 106 81 125 110 15 23 62 47 10 25 31 61 22 18 113 111 56 87 73 39 
column 18
65 17 86 33 9 116 70 111 114 28 19 31 73 118 6 67 36 84 87 121 92 110 0 119 83 35 101 39 5 48 58 24 18 25 126 59 44 54 97 10 63 4 37 43 102 95 124 3 72 62 53 107 40 41 98 81 85 93 75 34 113 14 8 96 88 91 13 64 51 22 32 90 71 99 61 106 103 109 50 11 1 100 69 104 115 77 76 82 122 38 78 55 16 74 68 29 49 94 105 112 2 30 21 27 80 42 15 57 79 117 47 125 108 
column 19
67 25 6 114 44 64 36 119 63 95 93 57 47 94 4 35 91 28 18 66 59 75 1 19 3 23 51 90 22 0 31 110 50 81 43 38 34 115 13 86 46 96 77 37 2 7 82 103 61 87 33 76 109 70 124 58 116 62 123 49 60 80 65 55 16 79 68 78 84 73 39 85 
column 20
102 104 85 113 111 74 57 62 80 73 32 120 116 97 54 28 0 83 14 66 12 90 6 47 23 84 92 76 63 69 39 103 123 27 118 40 72 112 5 36 52 4 122 19 110 101 75 71 45 67 35 8 79 53 64 51 114 31 24 41 59 99 98 44 
column 21
65 44 47 106 61 24 43 57 46 90 85 2 66 26 124 105 126 81 39 51 102 38 87 12 97 68 3 33 45 120 73 110 1 80 29 62 123 23 72 64 71 101 83 94 86 76 11 7 112 31 60 0 88 63 96 79 10 89 49 99 100 17 27 9 53 93 5 109 56 114 59 22 122 119 
column 22
120 76 23 96 41 13 112 78 94 97 0 28 123 92 66 73 68 85 37 30 90 75 121 84 87 60 115 25 
column 23
105 107 121 78 58 51 6 64 75 74 38 1 52 35 93 86 14 53 45 91 50 17 46 85 49 102 120 22 123 77 80 20 104 37 42 112 126 118 111 27 40 106 13 122 115 89 48 96 76 31 65 10 125 83 21 82 101 23 61 69 0 5 9 15 97 119 72 62 90 43 88 124 
column 24
43 74 121 60 16 117 72 44 106 96 91 6 104 80 87 115 7 84 75 98 89 99 
column 25
67 13 87 79 
column 26
109 18 105 66 125 64 58 24 73 81 90 21 39 25 22 59 107 51 74 56 80 17 
column 27
98 117 21 11 58 63 43 103 6 77 122 121 81 
column 28
58 101 60 24 8 55 90 99 86 84 47 97 77 122 59 93 29 42 48 98 106 112 28 52 70 120 11 92 68 38 49 118 9 22 105 36 96 46 104 78 0 91 103 51 1 17 16 119 74 69 
column 29
106 32 
column 30
118 111 90 125 87 97 6 10 24 21 51 121 50 36 60 98 0 91 109 76 66 15 11 46 55 102 58 126 114 70 61 19 3 120 117 39 
column 31
81 9 54 69 71 75 116 7 45 92 88 46 1 122 30 83 2 114 62 29 113 22 93 87 125 17 115 99 5 103 55 4 32 107 64 3 21 51 70 108 41 111 47 74 60 28 34 35 19 85 
column 32
80 9 63 88 79 69 73 95 51 125 124 110 52 122 4 123 78 
column 33
47 36 87 126 15 114 23 88 95 53 37 3 34 56 16 28 73 60 97 
column 34
84 90 125 40 121 114 3 83 120 5 115 85 6 58 109 122 30 87 78 97 89 88 107 60 22 10 108 101 72 56 38 79 48 46 77 32 73 9 67 17 63 86 25 106 
column 35
26 36 4 94 114 59 100 69 62 45 18 39 107 16 79 84 81 43 34 126 49 42 33 64 121 58 87 40 51 13 20 82 54 57 15 66 106 75 50 117 11 44 86 122 101 92 73 98 89 112 65 53 95 125 17 71 30 124 29 104 97 111 19 46 27 88 74 22 48 93 78 12 96 23 76 9 14 63 70 77 37 3 83 32 85 110 118 72 38 41 52 28 61 68 56 105 25 123 120 102 1 31 
column 36
26 108 20 19 103 116 121 0 48 69 97 3 13 34 75 58 120 115 65 64 113 18 66 90 62 78 59 40 31 36 28 2 54 8 81 15 35 117 16 77 43 27 106 32 53 79 88 57 1 93 101 110 37 63 22 124 100 42 14 72 109 12 5 11 105 29 38 80 68 125 47 95 6 85 55 45 83 23 9 91 17 44 107 126 21 71 96 102 86 24 111 92 7 104 41 74 122 114 4 82 73 76 33 67 
column 37
4 28 109 69 62 93 92 53 75 118 27 96 91 107 97 22 78 64 8 0 34 85 39 3 23 14 126 94 9 76 125 20 59 41 119 17 105 56 79 90 49 84 101 100 74 2 63 70 102 88 89 117 31 122 47 80 18 7 112 29 13 24 36 68 21 111 87 106 
column 38
0 34 96 3 16 8 126 58 114 46 35 44 59 26 18 47 115 72 9 22 104 37 24 39 20 113 94 49 88 123 82 77 68 106 97 41 27 71 52 63 54 105 7 69 33 17 120 112 92 125 14 85 98 29 109 55 81 117 124 73 95 110 61 121 60 43 93 
column 39
97 124 114 98 110 45 79 69 39 43 
column 40
84 98 101 45 99 122 56 60 108 32 48 79 20 52 55 29 17 50 107 35 97 30 11 92 43 37 90 125 89 103 94 68 58 104 27 34 93 83 76 46 1 81 13 69 109 65 118 9 33 96 41 67 105 114 80 91 54 112 63 95 110 49 111 57 77 86 100 18 36 120 10 22 3 28 38 6 26 115 24 44 123 82 70 64 71 66 5 74 113 126 14 42 121 78 59 19 53 15 119 8 25 7 39 31 75 117 102 51 88 
column 41
7 44 94 58 1 39 76 67 43 9 21 15 92 32 121 80 47 122 31 25 3 99 68 98 2 65 108 20 112 41 91 93 56 75 120 96 104 35 97 11 30 48 12 42 115 71 33 51 83 34 123 66 18 85 105 28 82 102 72 64 109 5 89 45 87 116 26 77 14 86 55 8 84 62 
column 42
94 84 112 23 105 57 50 25 20 95 67 55 73 49 98 101 16 21 33 19 54 37 18 106 100 59 104 85 9 12 99 22 29 118 
column 43
85 121 16 67 51 37 45 25 18 116 75 65 119 13 14 113 101 89 32 78 76 96 63 46 1 5 52 28 12 19 73 71 125 39 6 38 24 36 111 68 93 57 44 95 97 43 80 103 82 54 15 8 118 86 55 83 59 29 92 122 
column 44
123 99 55 46 1 30 109 42 43 84 93 53 33 97 87 29 23 72 89 0 62 71 78 85 36 40 81 11 26 105 41 12 119 10 49 39 115 74 57 70 65 60 2 19 106 7 59 44 126 111 83 28 82 35 103 76 69 52 6 15 34 91 95 54 5 9 67 51 94 14 104 61 63 4 38 88 
column 45
48 34 76 54 102 13 59 18 95 7 74 123 10 31 45 38 58 83 15 40 51 98 5 121 21 125 113 68 63 9 100 119 47 124 126 25 1 70 99 122 17 26 114 90 80 72 73 11 2 94 20 111 37 0 89 12 110 4 84 44 29 50 67 39 79 87 71 85 14 104 33 86 
column 46
45 115 18 101 76 32 77 108 125 20 34 19 61 60 63 28 73 122 53 74 120 121 27 88 69 126 17 81 47 54 52 15 29 95 31 12 40 3 37 62 67 113 119 7 48 23 50 90 26 110 13 111 104 82 30 
column 47
63 118 65 44 58 94 117 36 28 78 24 104 91 97 13 122 27 10 59 55 82 110 35 71 84 114 64 88 21 60 52 95 119 121 120 92 124 23 116 101 49 11 
column 48
49 31 60 5 84 12 71 34 81 105 15 55 45 77 112 67 25 30 103 8 62 68 20 119 87 63 41 6 44 18 114 120 56 121 59 17 4 80 42 11 91 101 122 74 126 40 79 33 9 53 24 96 38 97 109 108 22 7 54 3 88 64 116 107 106 46 110 51 0 36 100 32 69 73 118 98 26 61 47 23 111 1 39 29 104 19 93 66 102 58 48 43 57 85 125 86 94 90 35 28 75 27 70 14 92 117 13 
column 49
42 32 10 25 94 91 76 20 30 24 90 84 35 75 13 61 9 83 37 100 82 122 116 87 92 55 97 51 113 4 70 36 59 12 50 68 14 22 115 60 26 56 7 53 52 23 47 86 34 102 29 69 2 71 111 17 93 46 44 48 38 18 49 103 74 88 27 1 58 96 72 106 73 63 11 62 107 125 3 54 101 79 117 109 78 21 81 15 64 120 67 41 114 99 110 95 85 31 40 5 123 6 119 16 89 105 80 43 28 33 77 66 121 
column 50
57 84 74 96 25 26 60 109 31 34 108 93 114 0 35 20 51 86 120 69 3 117 36 6 11 39 23 52 123 67 89 59 119 104 95 43 91 115 68 18 65 97 49 28 90 113 8 102 13 15 47 88 110 44 48 100 19 92 78 56 37 14 118 106 111 85 40 122 58 82 54 
column 51
7 32 59 23 81 78 109 100 70 110 86 105 36 121 9 37 53 64 1 54 112 90 28 12 123 58 5 56 21 88 61 17 13 29 68 87 117 39 50 84 124 52 77 89 94 85 24 47 38 63 116 15 73 55 75 14 2 18 26 10 49 97 82 51 3 95 92 34 122 111 43 16 
column 52
58 97 94 116 28 37 76 48 6 114 119 96 86 108 64 31 18 57 4 122 120 124 50 83 43 91 55 49 23 39 102 36 117 60 82 105 70 42 35 118 20 15 22 7 99 73 110 10 
column 53
69 51 92 37 20 87 84 117 29 103 123 77 58 109 90 107 116 63 53 40 111 26 33 75 119 125 67 113 108 114 93 
column 54
19 2 24 90 1 18 65 126 101 102 3 35 52 44 87 33 40 58 114 120 84 68 45 123 88 36 82 67 59 22 10 63 5 57 42 109 38 20 73 32 34 66 55 
column 55
39 46 83 70 78 25 22 14 49 45 85 36 94 119 75 73 82 13 115 93 120 89 105 65 77 35 8 116 117 51 98 76 69 20 
column 56
39 32 96 83 14 107 37 99 57 29 36 112 7 3 28 35 24 4 33 103 31 124 113 111 58 104 49 117 25 48 79 108 1 8 101 105 72 17 76 97 66 50 45 91 126 102 84 82 56 87 81 2 115 119 122 85 47 22 42 27 10 26 98 38 23 77 54 52 19 13 69 73 0 15 86 60 55 94 40 20 53 30 41 116 12 120 64 5 75 34 110 
column 57
113 0 102 118 64 104 23 115 20 34 5 16 37 112 22 6 57 41 35 31 76 33 1 32 116 
column 58
103 5 75 13 47 96 98 17 54 69 99 66 64 31 42 60 115 19 84 90 102 86 106 100 104 51 34 40 20 25 44 22 126 45 70 48 55 24 59 61 108 111 85 92 118 68 63 88 67 38 0 1 
column 59
13 37 53 62 43 30 6 23 57 45 11 26 108 35 28 58 109 78 51 46 9 19 18 74 71 17 91 87 73 116 5 4 42 124 47 79 10 76 107 85 90 60 16 118 69 121 41 126 93 114 24 106 86 15 
column 60
8 100 53 17 114 32 43 68 56 120 121 124 59 41 86 94 93 92 27 122 2 109 5 31 125 102 82 26 110 101 115 116 79 72 11 33 83 10 113 29 24 23 90 95 63 54 18 111 74 112 39 45 104 6 20 71 22 44 97 58 118 12 19 91 38 117 34 7 13 61 107 51 36 66 
column 61
122 80 37 11 102 107 81 4 120 36 100 99 95 72 66 2 57 46 28 53 121 77 64 35 63 126 75 60 48 114 89 3 98 101 124 123 59 30 6 21 68 116 16 39 23 104 50 8 83 52 67 118 125 93 20 33 17 42 105 85 112 31 47 90 115 110 71 19 62 61 92 45 10 14 86 43 25 94 40 1 44 103 18 29 88 117 5 70 78 7 41 56 24 55 76 73 111 49 106 54 87 74 108 96 91 34 84 58 27 79 13 65 0 51 69 9 22 
column 62
113 79 80 53 29 27 42 32 18 12 33 89 62 58 110 124 50 44 99 46 68 66 13 47 61 37 41 101 122 54 16 69 74 83 76 49 93 108 85 5 1 84 81 109 91 43 45 105 86 51 39 106 22 7 96 97 112 34 114 21 14 107 59 19 95 0 90 73 125 17 77 121 116 98 
column 63
105 64 73 6 103 121 100 68 17 119 90 86 88 12 5 53 118 56 28 61 27 21 77 83 25 74 30 51 38 60 16 67 32 104 122 99 37 4 97 33 9 45 93 110 13 87 102 92 94 24 3 117 123 85 40 49 70 26 66 55 95 19 71 35 29 75 15 89 120 79 107 80 112 69 72 76 78 116 125 23 
column 64
101 100 24 68 8 125 17 109 96 40 117 5 72 26 123 115 88 54 76 4 79 57 47 104 71 38 1 22 58 37 0 18 98 2 107 63 82 45 39 114 62 106 60 15 59 7 116 93 66 
column 65
59 112 88 21 5 108 53 56 106 20 9 79 77 13 76 43 124 67 84 46 75 98 110 45 69 89 122 2 26 57 55 58 83 19 92 29 113 85 31 118 18 17 111 47 7 16 14 119 28 100 121 109 42 66 1 25 51 
column 66
73 49 125 76 91 88 123 44 31 5 119 19 15 66 107 12 86 35 41 115 30 57 80 45 79 82 94 77 42 7 85 113 11 102 97 122 98 29 106 81 43 84 37 8 22 47 3 21 117 101 17 16 111 59 110 20 4 
column 67
86 119 34 32 91 13 110 51 121 120 99 4 117 125 31 15 41 43 118 81 89 21 92 
column 68
51 56 68 13 0 1 74 54 120 38 113 118 98 61 106 28 67 87 11 109 65 36 42 93 23 117 114 97 2 9 81 37 123 49 105 119 116 25 82 122 102 4 91 66 48 101 47 90 85 43 108 63 14 27 96 5 15 35 124 32 95 121 78 72 6 89 19 75 111 55 10 126 17 40 21 115 83 34 84 58 46 26 88 77 112 18 57 107 52 39 86 20 110 69 103 99 
column 69
43 61 77 66 47 63 95 87 55 90 4 33 29 35 71 48 70 68 122 91 44 69 5 82 116 65 80 27 50 100 1 8 52 103 53 49 3 111 32 42 83 9 115 19 28 11 16 118 98 25 67 0 97 13 30 23 38 113 108 41 75 36 124 88 119 14 31 7 125 106 109 6 20 12 74 10 105 84 56 96 17 93 94 18 85 126 64 40 60 57 58 24 15 2 21 46 101 78 123 117 121 99 45 59 54 112 110 51 102 62 79 34 107 81 89 92 114 73 
column 70
19 82 60 109 125 59 85 14 99 13 101 12 21 117 26 88 41 72 74 93 40 25 20 61 58 39 11 112 96 57 114 113 30 36 62 0 80 4 64 69 75 48 108 122 37 33 116 3 49 84 89 50 77 47 67 1 53 123 43 126 45 10 68 56 98 23 79 15 5 73 91 86 18 87 35 115 42 7 83 102 6 118 100 97 29 63 70 28 51 106 95 16 17 90 105 92 110 31 
column 71
24 86 98 91 35 75 53 31 96 100 60 73 94 64 87 22 29 76 97 109 116 105 23 54 47 11 93 12 52 25 101 121 21 107 7 78 39 110 61 17 6 70 108 18 114 34 26 33 49 5 2 9 43 124 95 14 58 118 30 68 55 99 42 0 28 38 88 77 59 46 3 123 36 126 
column 72
49 120 123 64 124 78 57 11 95 84 41 37 36 94 74 121 96 5 79 3 4 18 50 23 34 92 59 
column 73
15 52 126 88 16 60 8 112 4 1 70 51 120 12 39 98 63 33 102 62 89 20 
column 74
98 76 39 41 8 40 89 78 103 80 83 3 0 115 95 34 104 53 37 14 73 62 81 122 93 23 100 65 4 99 9 106 70 77 79 75 38 16 86 55 117 26 88 1 47 101 
column 75
84 111 64 124 50 116 90 98 47 81 94 76 44 26 32 28 21 96 112 126 79 35 53 25 22 17 
column 76
72 74 0 28 13 117 12 
column 77
97 61 25 43 29 114 121 21 104 46 28 5 74 124 76 24 100 94 6 26 18 118 78 90 77 88 37 66 70 1 9 109 52 32 56 85 69 73 2 12 115 55 102 31 45 87 91 71 57 86 47 81 72 64 113 54 36 116 119 8 122 84 68 44 103 107 49 15 40 0 83 108 125 59 101 13 112 106 19 63 51 111 110 34 89 95 60 75 93 98 67 48 82 38 7 80 17 105 123 65 96 23 41 27 126 92 42 4 62 30 120 3 117 20 50 16 
column 78
83 68 119 74 45 12 53 102 103 82 56 104 38 116 30 75 28 118 43 39 92 108 17 78 87 10 7 23 49 50 101 37 9 126 3 89 35 40 14 46 4 86 88 123 97 95 81 29 110 36 117 2 114 80 34 106 73 47 120 113 85 
column 79
49 34 36 103 3 69 51 15 113 81 82 101 89 45 100 5 58 38 19 76 91 85 93 106 92 83 16 115 110 72 28 6 108 41 7 68 2 24 94 0 31 50 9 119 67 79 74 88 33 10 48 77 63 99 52 98 96 86 124 59 23 56 1 8 112 66 64 84 18 114 29 35 44 109 97 25 78 30 20 105 122 57 42 4 46 107 70 65 47 17 60 11 111 102 53 26 39 37 12 87 118 27 75 125 55 116 90 117 123 62 120 71 121 13 43 73 14 126 104 40 21 95 54 80 
column 80
67 75 45 98 60 3 124 71 95 107 66 31 33 106 116 77 108 110 122 115 82 42 100 28 96 36 78 101 22 112 76 123 126 25 79 7 20 17 37 83 38 104 62 121 88 58 30 2 21 13 19 14 16 6 102 43 103 65 57 27 113 54 125 105 59 34 44 64 12 90 41 84 97 15 93 114 94 46 
column 81
60 105 102 66 109 112 41 24 113 12 58 114 75 39 23 42 108 111 117 17 98 30 100 70 16 5 29 106 
column 82
79 12 109 120 54 91 45 119 7 42 71 43 38 22 37 36 90 116 34 15 100 106 23 76 98 99 44 5 96 112 39 74 56 81 10 3 94 33 75 1 80 53 57 103 67 61 41 58 123 85 92 48 65 105 117 125 11 66 102 72 108 40 4 30 
column 83
97 86 36 15 85 5 20 118 0 104 37 18 38 71 21 123 4 63 61 13 89 47 10 73 30 87 16 62 98 79 126 55 119 31 67 51 39 105 107 68 60 57 70 108 35 49 111 99 88 65 34 28 122 40 43 100 112 45 83 32 74 72 42 3 2 26 80 9 19 93 114 92 25 102 64 121 11 44 95 81 1 103 14 106 113 
column 84
59 108 87 77 28 46 14 12 120 49 7 82 109 11 
column 85
68 61 92 15 22 40 75 53 48 106 1 60 59 2 98 123 52 50 113 124 35 83 11 99 12 57 81 10 58 51 85 26 55 93 44 77 19 42 108 65 120 3 118 69 38 109 104 67 9 112 111 73 94 82 125 36 89 76 23 88 17 5 70 31 84 8 122 78 86 80 66 30 4 100 74 101 105 56 95 96 117 39 37 33 
column 86
8 99 104 22 37 94 78 70 98 69 54 72 16 75 90 116 39 32 123 97 91 125 81 117 126 46 121 28 25 62 20 118 124 30 41 4 68 74 2 1 57 120 45 5 9 36 84 59 24 64 100 66 34 17 113 93 73 85 6 103 55 114 76 61 63 53 
column 87
118 43 90 63 49 37 100 40 106 2 79 1 5 115 12 121 51 62 30 3 65 75 105 0 52 111 9 67 69 71 41 87 54 99 102 7 39 98 59 17 68 29 25 91 48 15 107 109 11 24 85 32 
column 88
55 45 48 107 105 60 102 64 22 28 3 31 18 7 1 63 6 23 104 74 109 17 112 4 13 32 11 101 9 24 41 77 8 71 42 113 44 114 37 103 21 34 87 19 122 106 78 10 118 125 86 33 30 50 116 57 59 51 2 94 25 99 89 14 121 90 76 108 124 80 98 29 88 65 111 91 69 93 68 66 97 56 26 20 12 
column 89
83 42 102 38 6 36 106 101 44 59 50 21 25 118 39 10 26 85 47 27 70 22 107 60 103 71 8 2 40 9 122 0 48 121 95 87 33 97 76 67 35 73 58 64 119 112 3 43 110 126 80 19 37 17 13 79 125 117 93 111 16 53 124 82 5 72 4 30 114 120 116 77 108 96 46 113 31 61 24 55 88 100 18 86 81 52 104 84 
column 90
104 120 49 40 116 110 125 30 82 69 123 12 101 107 122 93 48 41 76 112 25 28 37 119 113 58 88 17 15 19 21 80 36 63 100 23 33 68 111 4 2 115 29 95 6 64 81 92 22 55 71 13 97 98 24 86 34 124 51 60 77 45 83 18 1 56 38 32 114 67 84 57 47 105 26 85 102 117 74 20 90 87 91 42 79 35 16 99 50 103 59 73 11 66 121 31 78 106 39 72 108 7 9 96 61 52 43 118 62 46 8 14 65 70 0 3 126 27 10 89 44 5 
column 91
38 33 83 41 29 49 55 62 93 21 108 20 28 59 120 23 57 92 4 79 16 117 76 10 54 80 30 88 7 37 87 39 90 106 107 52 67 60 116 47 6 97 72 64 48 111 40 46 70 109 101 100 45 2 74 27 84 121 18 114 11 85 61 44 123 119 95 104 26 63 115 42 78 122 124 17 89 99 13 69 110 86 22 15 81 35 56 
column 92
29 8 46 69 63 14 104 56 83 33 49 26 113 47 48 68 87 42 95 60 9 59 10 40 121 96 85 124 72 77 54 24 76 116 107 114 78 65 1 98 38 100 58 35 119 3 39 81 74 110 17 12 111 36 67 52 32 103 80 19 16 71 90 2 126 55 79 105 123 92 93 5 118 18 13 120 70 94 6 15 50 37 43 73 51 89 108 53 21 41 44 122 25 28 101 22 57 112 82 0 45 106 84 31 115 117 86 4 88 99 
column 93
119 98 22 94 65 62 105 102 18 
column 94
54 101 81 106 34 47 68 26 29 12 113 4 6 9 
column 95
88 72 109 94 100 65 68 66 9 125 114 122 85 117 86 74 14 25 16 101 87 99 53 58 17 95 92 39 67 3 78 80 111 19 37 48 2 0 107 51 77 29 71 28 50 33 105 96 69 35 76 70 4 83 36 75 84 81 38 91 126 47 1 89 
column 96
11 98 114 108 42 54 119 106 60 74 56 68 82 116 100 89 80 66 118 62 75 50 65 4 78 23 29 109 113 17 73 99 
column 97
22 44 53 86 6 83 90 115 70 5 109 42 112 92 39 4 101 116 18 80 1 71 123 104 74 31 11 17 106 64 81 99 77 45 60 95 100 125 94 59 85 122 16 120 24 88 34 57 72 49 69 35 56 27 58 50 52 114 66 32 19 12 2 68 84 102 30 25 15 29 124 
column 98
48 81 57 122 65 41 101 107 97 85 16 115 88 112 56 50 36 40 5 66 12 91 109 110 4 125 17 92 23 31 14 83 61 89 44 108 32 22 34 42 19 90 77 
column 99
68 99 72 21 49 32 12 39 93 9 25 96 67 27 124 69 
column 100
57 38 80 82 13 44 20 5 43 83 76 8 91 119 98 63 79 21 27 56 118 49 122 26 74 124 103 73 45 64 106 4 61 67 2 75 94 60 46 108 33 62 77 104 90 112 23 3 15 100 59 69 37 116 68 48 25 10 12 89 70 109 125 96 17 7 0 105 72 11 51 47 117 113 53 40 97 87 114 39 65 92 86 19 42 121 18 28 88 54 111 32 
column 101
108 92 71 126 
column 102
97 24 16 77 43 65 29 121 13 73 55 40 99 23 9 72 64 90 53 85 33 41 120 106 102 28 83 84 12 89 17 115 74 124 
column 103
114 83 92 5 122 89 104 97 42 120 69 119 51 11 80 36 112 9 76 111 56 29 1 21 107 78 6 100 14 117 31 88 126 57 77 10 71 49 43 81 113 61 64 33 24 15 96 39 115 86 93 99 7 108 91 116 103 85 66 44 82 0 35 25 95 62 67 4 74 23 98 13 79 26 59 2 45 8 106 18 87 53 94 72 27 20 121 75 30 63 34 16 32 84 102 28 90 109 50 55 125 17 118 54 70 124 41 68 48 60 47 12 52 101 40 123 19 65 3 73 
column 104
74 75 5 46 23 76 62 91 106 66 52 1 50 51 55 34 28 82 67 63 64 42 96 124 68 20 107 8 81 103 116 2 125 47 29 83 36 108 105 54 61 41 117 65 111 123 49 126 60 87 26 13 56 30 16 22 32 121 43 14 18 78 40 85 115 57 72 25 113 114 27 9 92 122 48 39 10 37 93 33 101 110 69 35 97 17 24 21 80 84 3 109 88 7 104 73 31 77 11 15 70 79 19 119 59 120 53 12 112 45 89 102 58 95 98 6 4 71 86 100 
column 105
102 100 78 59 33 124 54 48 36 10 44 118 29 19 106 1 125 39 126 113 68 91 94 111 52 46 58 18 53 79 49 41 8 43 47 0 97 5 123 75 84 20 104 15 56 67 65 74 70 45 71 81 80 51 66 95 42 103 77 89 21 64 61 82 26 37 
column 106
105 40 75 19 12 88 28 93 84 41 29 55 32 71 37 85 100 22 46 102 58 3 65 72 50 120 98 15 92 121 43 76 60 114 47 68 38 
column 107
96 37 116 27 114 30 64 71 123 88 43 11 118 113 89 51 93 122 119 13 94 47 28 31 
column 108
12 102 59 56 37 60 81 106 26 2 120 87 35 28 97 27 50 126 115 16 78 49 122 9 114 1 4 70 86 33 90 24 29 68 38 88 111 117 118 95 116 75 65 0 15 96 93 48 19 17 99 84 6 69 124 94 40 54 62 72 58 3 91 53 11 112 8 55 32 67 66 74 10 113 30 107 98 13 61 51 63 77 109 82 42 71 92 57 41 80 31 64 25 101 89 85 76 103 119 21 104 43 5 125 121 36 123 73 46 22 39 79 23 7 14 44 108 47 45 
column 109
86 120 81 118 117 18 52 74 99 111 27 9 56 4 124 12 15 41 37 25 0 95 125 54 48 100 110 87 126 114 13 
column 110
10 34 121 28 6 23 103 88 38 0 41 76 45 27 93 1 26 70 8 126 74 57 49 124 55 67 94 35 77 39 112 99 3 32 118 68 116 59 14 123 125 25 89 64 4 73 72 80 86 96 12 9 17 117 102 82 20 78 114 85 42 69 107 50 40 97 84 87 2 7 104 48 92 106 44 24 119 83 95 19 52 105 58 53 54 15 56 100 110 47 108 61 29 60 120 43 30 31 71 62 11 18 101 111 63 16 
column 111
33 121 29 90 58 81 49 77 5 10 109 85 99 32 21 43 28 15 68 86 120 63 106 51 25 82 12 50 42 96 69 116 54 17 76 125 30 105 62 102 16 84 65 79 124 101 9 112 44 38 122 107 24 22 119 7 59 64 46 104 13 89 88 74 41 34 6 78 111 
column 112
33 102 81 26 115 110 45 73 0 99 114 38 37 61 28 47 40 79 69 88 54 9 7 122 82 106 72 104 111 101 121 83 29 3 24 56 66 103 49 25 107 105 90 22 39 70 8 13 75 123 113 1 6 86 57 91 108 20 87 100 68 
column 113
54 3 12 107 105 1 15 114 81 55 76 83 52 86 56 62 29 123 101 120 66 4 58 6 51 32 9 25 18 94 122 110 63 34 69 37 44 28 106 70 53 93 118 19 103 41 16 17 117 79 116 124 60 22 39 2 115 33 78 126 65 74 8 42 67 30 77 90 50 38 59 24 92 89 102 121 108 64 99 91 85 49 100 111 14 71 73 68 95 40 98 31 119 23 7 84 82 113 125 109 88 13 72 57 
column 114
21 32 74 78 86 46 119 47 63 117 68 49 10 34 31 3 103 75 
column 115
1 4 102 59 65 45 125 22 37 6 20 111 88 73 85 104 0 33 5 74 38 71 55 23 81 90 121 47 
column 116
99 66 121 117 76 71 0 120 40 6 68 108 48 63 65 90 49 88 50 52 26 39 118 89 114 98 35 5 122 70 45 25 38 37 12 53 10 57 106 84 3 123 46 101 109 125 83 115 75 93 22 11 62 23 107 36 111 74 81 31 32 27 124 60 72 58 96 20 15 28 54 85 55 47 24 105 80 59 51 73 86 14 97 30 126 64 110 119 103 61 77 69 13 29 116 100 112 104 113 33 42 67 
column 117
48 67 83 41 95 125 100 58 31 44 33 63 59 3 0 38 105 78 71 74 12 88 36 26 84 114 98 4 10 124 1 18 9 23 119 20 77 109 113 116 5 35 87 62 101 75 120 56 91 
column 118
3 115 122 8 15 13 5 106 35 2 12 98 81 36 125 121 73 22 96 83 41 11 9 48 24 31 66 42 29 34 4 89 14 23 107 118 117 97 126 101 46 17 95 72 7 33 47 50 21 82 88 114 91 64 68 100 1 102 92 123 61 32 0 120 108 76 65 119 77 30 124 28 55 86 53 59 51 93 113 84 38 99 75 90 52 20 79 
column 119
124 39 27 61 97 
column 120
97 62 47 5 34 106 18 67 105 81 93 126 3 88 9 74 54 36 82 91 109 44 99 87 112 79 21 80 26 15 17 121 19 52 63 57 29 37 102 76 111 66 119 61 8 101 108 73 71 28 118 103 2 43 42 107 64 65 94 86 55 16 48 33 13 41 60 27 68 40 125 114 32 95 113 31 6 115 25 77 23 14 98 35 92 39 75 69 
column 121
23 113 36 33 112 98 115 82 48 87 68 91 51 2 95 75 47 99 62 58 11 50 39 111 31 67 38 123 79 14 21 52 9 49 15 27 53 77 63 85 94 69 5 110 71 28 64 106 76 90 70 10 121 66 97 92 45 18 16 80 125 41 81 78 116 
column 122
40 53 8 28 64 4 86 41 27 99 96 10 90 56 123 63 16 11 116 112 26 65 80 18 103 88 9 120 98 
column 123
25 81 48 120 58 86 52 78 16 32 74 123 89 30 29 64 98 107 61 75 119 125 83 110 77 
column 124
94 79 71 13 38 84 113 64 34 103 75 11 97 6 56 72 90 54 89 118 68 5 76 107 36 61 15 17 93 106 3 47 27 69 78 99 125 18 29 23 77 126 32 116 
column 125
125 104 97 36 70 62 83 85 49 2 4 26 73 93 56 66 71 114 54 37 33 94 19 10 63 72 7 87 5 126 82 52 21 80 124 65 9 106 11 109 32 16 22 55 57 53 86 48 123 61 25 8 120 0 110 27 76 108 113 43 50 92 77 101 99 29 111 118 75 14 122 34 15 84 78 67 98 79 60 
column 126
4 52 106 98 66 3 111 78 94 70 84 57 125 63 85 76 102 116 37 115 89 6 27 79 8 17 74 86 45 15 103 118 117 28 105 122 2 13 38 107 41 44 20 34 91 100 73 96 54 99 87 92 62 109 71 108 24 81 83 10 88 58 53 51 5 77 82 21 55 0 35 12 26 31 40 123 72 29 60 48 112 36 95 1 124 69 59 110 67 25 80 65 33 18 9 30 61 113 16 50 64 68 47 104 39 90 

Traps
81 42
79 73
64 59
78 112
23 67
51 35
37 81
89 21
118 17
26 57
39 86
93 20
94 52
67 104
8 11
87 50
68 90
18 62
41 88
124 122
119 75
4 15
120 31
28 47
47 98
90 71
58 111
113 33
63 118
19 64
46 23
44 107
105 110
70 99
54 54
53 7
15 43
95 79
14 66
66 4
29 16
76 91
42 58
104 6
74 32
73 25
97 74
112 92
30 14
59 8
6 80
82 89
16 38
62 95
114 121
38 83
108 10
107 70
111 22
3 68
20 106

Start
1 1

Goals
127 127